325
14
total_fat
cholesterol
sodium
dietary_fiber
sugars
protein
vitamin_a_dv
vitamin_c_dv
calcium_dv
iron_dv
calories_from_fat
saturated_fat
trans_fat
carbohydrates
0
0 0.2569717 -0.04313465 0.6230013 0.7375219 -1.187087 0.5633943 -0.3171383 -0.1399527 -0.485008 2.002784 0.2371444 0.05902435 2.078751 -0.5258699
0 0.4269056 0.2167933 0.9125212 0.531005 -1.237093 0.6398293 -0.2200479 -0.1420322 -0.1709758 1.52763 0.4551092 0.5744365 1.660648 -0.7518548
0 0.9482937 0.5948703 0.9908545 0.2024555 -1.288236 0.9004035 -0.2068083 -0.1453404 -0.2869536 1.311651 0.9717142 1.003947 3.846183 -1.280131
0 0.7972743 0.4767213 0.8153075 0.2927163 -1.262738 0.8848136 -0.2424534 -0.1444315 -0.3521482 1.588547 0.7784636 0.6184889 2.786308 -1.161608
0 0.8933908 0.5531707 0.7976323 0.4095245 -1.266509 0.9021066 -0.2219517 -0.1401973 -0.2633382 1.481046 0.8489112 0.8776202 3.259275 -1.261429
0 1.138791 0.8104126 0.4747015 0.1263436 -1.335079 1.207928 -0.2515367 -0.1439992 -0.4786425 1.39921 1.140983 1.061989 3.80766 -1.654922
0 1.009087 0.2601146 0.5167929 0.3589076 -1.278765 0.4982829 -0.2631992 -0.1466531 -0.4108615 1.351647 0.9913719 0.4471743 3.054323 -1.182302
0 0.9440957 0.3637091 0.2681445 0.5085575 -1.269706 0.722911 -0.2538185 -0.1253062 -0.5720495 1.734219 0.9763295 0.3503443 3.660268 -1.22909
0 1.059993 0.4767213 0.4867566 0.4095245 -1.291022 0.7522339 -0.2219517 -0.1279653 -0.4942442 1.481046 1.032075 0.7091848 3.259275 -1.32473
0 0.824852 0.6083304 0.9954157 0.282662 -1.281403 0.9059009 -0.2556887 -0.1445328 -0.5833915 1.256973 0.8118148 0.7049206 2.745597 -1.240195
0 0.9367073 0.5806924 0.7516768 0.3244882 -1.320437 0.7672212 -0.2200479 -0.1357938 -0.563516 1.369246 0.9221767 0.6889726 2.914955 -1.214586
0 0.9345003 0.544235 0.2366166 0.3030319 -1.357239 0.9128118 -0.2667017 -0.1524294 -0.3443052 1.311651 0.9262206 0.7529343 2.828077 -1.290613
0 0.7399417 -0.002093396 0.3501705 0.3136188 -1.322631 0.2375394 -0.2915882 -0.1524294 -0.491206 0.4022656 0.8320409 -0.3524012 -0.4298629 -0.9132726
0 0.615721 -0.06479532 0.7784842 0.3589076 -1.313492 0.21519 -0.3171383 -0.143765 -0.6289394 1.131669 0.688643 -0.4277538 -0.4298629 -0.7339195
0 0.9367073 0.2687789 0.5402813 0.4277466 -1.21209 0.4105241 -0.2977202 -0.146191 -0.60277 1.052476 0.9844524 0.5744365 -0.4298629 -1.106974
0 -0.1800012 0.6252515 0.8041974 0.8260291 -1.201374 1.786356 -0.2616581 -0.1167817 -0.4513617 1.867026 -0.1898888 -0.6527353 -0.4298629 -0.590437
0 0.5601871 -0.1348739 0.5273056 0.4095245 -1.241996 0.5274248 -0.2790636 -0.1340813 -0.6096972 1.015209 0.5741656 -0.5540804 -0.4298629 -0.7550199
0 0.2052527 0.7027456 0.7326952 0.5085575 -1.242529 1.636809 -0.2327119 -0.1253062 -0.1880428 1.217747 0.2655746 -0.02314281 -0.4298629 -1.018545
0 0.7146969 0.05748262 0.5233815 0.2478771 -1.265323 0.6398293 -0.2544993 -0.1373366 -0.3862398 0.6846152 0.7011985 -0.1737424 -0.4298629 -1.043448
0 -0.1544472 0.7161286 1.003223 0.7212179 -1.191035 1.846699 -0.2660381 -0.119596 -0.491206 1.652671 -0.1512592 -0.4654302 -0.4298629 -0.7433591
0 0.5370479 -0.02869421 0.6827435 0.3589076 -1.232463 0.6398293 -0.2811789 -0.1351007 -0.6289394 0.9116899 0.558902 -0.4277538 -0.4298629 -0.8534882
0 0.6494381 0.0125642 0.7155689 0.2359809 -1.278765 0.6398293 -0.2940215 -0.1450028 -0.5354774 0.8488389 0.6330397 -0.5300182 -0.4298629 -0.8748398
0 1.033812 -0.04313465 0.6663308 -0.05904317 -1.415688 0.2576539 -0.2893982 -0.1435175 -0.6195932 0.5094432 1.011142 0.08356778 -0.4298629 -1.09775
0 0.615721 0.4767213 0.9763483 0.07207865 -1.394521 0.9936955 -0.2811789 -0.1408769 -0.5199004 0.9116899 0.645396 0.1290186 -0.4298629 -1.032841
0 0.6586336 -0.1140241 0.6514101 -0.03222279 -1.335591 0.3503025 -0.287717 -0.1429774 -0.5992015 0.591721 0.7240269 0.02778724 -0.4298629 -0.9132726
0 0.0870378 0.5806924 0.9814545 0.1179713 -1.2871 1.174875 -0.2783021 -0.1399527 -0.485008 1.052476 0.05031735 0.05902435 -0.4298629 -0.7841384
0 0.6586336 -0.1140241 0.6931879 -0.03222279 -1.335591 0.3503025 -0.2582956 -0.1429774 -0.5992015 0.591721 0.7240269 0.02778724 -0.4298629 -0.8643581
0 0.0870378 0.4247357 1.036601 0.1179713 -1.237093 1.174875 -0.239466 -0.1399527 -0.485008 1.052476 0.05031735 0.05902435 -0.4298629 -0.7841384
0 1.015138 0.6766658 1.098111 -0.1044315 -1.358904 0.7868199 -0.2424534 -0.1444315 -0.6541022 1.588547 1.017985 0.8387505 2.786308 -1.368553
0 0.798636 0.5904397 0.9297545 0.2728589 -1.237093 0.878689 -0.2564568 -0.1485304 -0.5880498 1.230659 0.7859487 0.7891916 2.705904 -1.195754
0 1.064158 0.6391762 1.015921 -0.1143602 -1.299601 0.7353732 -0.2443205 -0.1446315 -0.6616511 1.52763 0.961099 1.003947 2.705904 -1.316817
0 1.318022 0.6035154 0.8536757 0.2539702 -1.395651 0.5932226 -0.222416 -0.1372139 -0.6688317 1.469685 1.248744 0.9515674 4.159064 -1.464455
0 1.296335 0.5371696 0.3594516 0.2188284 -1.428979 0.6842683 -0.27198 -0.1524294 -0.5452583 1.361879 1.240796 0.8541176 3.945626 -1.513897
0 1.173585 0.2404231 0.6305213 -0.03222279 -1.373475 0.4661132 -0.287717 -0.1524294 -0.6705724 1.311651 1.148634 0.6785602 3.371067 -1.255674
0 0.7593849 -0.8229185 -0.3312756 1.518694 -1.487126 -0.7725582 -0.3171383 -0.09818295 -0.8536544 -0.02178478 0.7732567 -0.5833735 -0.4298629 -0.4921827
0 0.8517403 -0.8229185 -0.3210224 1.536416 -1.487126 -0.8687579 -0.3171383 -0.09086682 -0.8940762 -0.09789639 0.8320409 -0.5784592 -0.4298629 -0.488489
0 0.8517403 -0.8229185 -0.3282785 1.357072 -1.487126 -0.8124373 -0.3171383 -0.09004599 -0.9089514 -0.08789315 0.7976254 -0.5422899 -0.4298629 -0.4935864
0 -1.272433 -0.8229185 4.244298 -0.5015793 0.1797587 -1.271048 0.3301308 0.05551528 -0.9560562 -0.8481394 -1.257472 -1.143604 -0.4298629 0.7009051
0 0.8517403 -0.8229185 -0.3282785 1.047297 -1.487126 -0.8888724 -0.3171383 -0.09004599 -0.9560562 0.1021684 0.8443321 -0.7140939 -0.4298629 -0.4290193
0 1.410733 0.2031129 0.4952932 0.3136188 -1.487126 0.5392569 -0.3171383 -0.1360127 -0.9560562 -0.3479774 1.446603 -0.2393722 -0.4298629 -1.50797
0 1.458647 0.2910584 0.5186165 0.05159087 -1.487126 0.5033381 -0.3171383 -0.1412895 -0.8719405 -0.1693481 1.411486 -0.2232252 -0.4298629 -1.489765
0 1.439278 0.255506 0.509188 0.1575171 -1.487126 0.5178585 -0.3171383 -0.1391563 -0.9059447 -0.24156 1.425682 -0.2297527 -0.4298629 -1.497124
0 -1.272433 -0.8229185 2.773721 -0.5015793 1.013201 -1.271048 -0.1229576 -0.1524294 -0.9560562 -0.8481394 -1.257472 -1.143604 -0.4298629 1.346576
0 -1.272433 -0.8229185 -0.8108117 -0.5015793 1.263234 -1.271048 -0.3171383 -0.1524294 -0.9560562 -0.8481394 -1.257472 -1.143604 -0.4298629 1.346576
0 0.4977114 -0.1730986 2.06141 4.661342 -0.2369625 -0.6340888 -0.3171383 -0.1524294 -0.9560562 0.735707 0.29942 -1.143604 -0.4298629 -0.1061837
0 -1.272433 -0.8229185 1.257188 -0.5015793 1.013201 -1.271048 -0.1229576 -0.1524294 -0.9560562 -0.8481394 -1.257472 -1.143604 -0.4298629 1.346576
0 1.298935 0.305716 0.5497143 -0.09398023 -1.487126 1.042119 -0.3171383 -0.1360127 -0.8940762 -0.3479774 1.323691 -0.3524012 -0.4298629 -1.635405
0 1.250023 0.2736525 0.5247713 -0.2595674 -1.487126 0.9981188 -0.3171383 -0.1378083 -0.882455 -0.4026826 1.223825 -0.3382726 -0.4298629 -1.619475
0 2.369007 -0.8229185 9.824614 -0.5015793 -1.487126 -1.271048 0.5150648 -0.1524294 -0.9560562 -0.8481394 2.745964 -1.143604 -0.4298629 -2.066257
0 3.362127 -0.4684713 0.2545214 -0.5015793 -1.373475 -1.271048 -0.3171383 -0.1524294 -0.9560562 -0.8481394 3.413204 0.418251 -0.4298629 -2.380707
0 1.559798 -0.1730986 0.5104102 2.079881 -0.445323 -1.271048 -0.3171383 -0.1524294 -0.9560562 -0.8481394 1.467089 -0.4277538 -0.4298629 -0.9132726
0 -1.272433 -0.8229185 1.808654 -0.5015793 1.013201 -1.271048 0.07122316 -0.1524294 -0.485008 1.052476 -1.257472 -1.143604 -0.4298629 1.023741
0 -0.1004755 1.059318 0.7342454 3.237088 -1.012926 2.287137 2.361217 0.03579639 -0.3469421 1.609553 -0.1300674 -0.4030693 -0.4298629 -0.9689339
0 0.7101287 0.043508 0.4453065 1.907784 -1.125968 0.6822933 1.408913 -0.04845705 -0.563516 0.735707 0.7145912 -0.2845838 -0.4298629 -1.020884
0 0.09310686 -0.26593 -0.07224046 6.136463 -0.9513416 0.3668469 5.230882 0.1260679 0.3056802 2.545817 0.07700692 0.08356778 -0.4298629 -0.2214821
0 0.3899634 2.058891 1.287159 2.192119 -1.215351 3.713849 3.059918 0.08489877 -0.1880428 1.217747 0.367111 0.3503443 -0.4298629 -1.825634
0 1.12407 0.5766936 0.7269315 1.087012 -1.262738 1.276788 1.674459 -0.01246663 -0.5031252 0.370204 1.017985 0.1779656 -0.4298629 -1.53411
0 0.8517403 0.5695527 0.6663308 2.817442 -1.129936 1.185794 5.230882 0.1817674 0.3056802 1.867026 1.077866 1.003947 -0.4298629 -1.374466
0 -0.1544472 2.049969 1.293468 2.759213 -1.158136 4.159866 3.770877 0.1348626 0.2835445 1.652671 -0.02834666 0.2127438 -0.4298629 -1.677883
0 0.912431 0.4024561 0.6466355 1.268565 -1.237093 1.240391 1.90207 0.003529113 -0.2831301 0.5094432 1.011142 -0.0391494 -0.4298629 -1.420586
0 0.615721 0.043508 0.5678546 4.661342 -0.9314977 1.701428 8.313116 0.3674323 1.660879 3.375451 0.558902 1.242563 -0.4298629 -0.9132726
0 -1.272433 -0.8229185 -0.4661451 7.242803 -0.2369625 0.6398293 10.60553 1.797052 0.2215644 8.654939 -1.257472 -1.143604 -0.4298629 0.7009051
0 -0.2103465 -0.8229185 0.7976323 2.079881 -1.487126 0.002870275 -0.3171383 -0.1524294 -0.563516 2.319553 -0.08980291 -1.143604 -0.4298629 0.1628459
0 0.3459847 -0.6372557 -0.6138594 0.9735411 0.001163888 -0.5430946 -0.3171383 1.110092 -0.5074388 -0.3956119 0.29942 -0.5300182 -0.4298629 -0.1446165
0 0.7101287 -0.8229185 -0.6499673 4.661342 -0.7370278 0.7672212 4.861014 0.3154461 -0.1709758 3.9034 0.9221767 -0.857264 -0.4298629 -0.9132726
0 0.9528914 0.0125642 0.4365531 1.711101 -1.040639 0.9128118 1.532202 0.03323549 -0.5354774 1.414498 0.9666594 -0.5300182 -0.4298629 -1.182302
0 0.1436824 0.9099345 0.6955089 2.940368 -0.8851954 2.692253 2.559613 0.1941451 -0.5199004 2.671519 0.1264321 -0.8254484 -0.4298629 -1.271979
0 1.276575 0.7366492 1.532921 -0.5015793 -1.112077 -0.8888724 -0.3171383 -0.1524294 -0.7205321 0.1021684 1.077866 -0.2845838 -0.4298629 -0.7518548
0 2.752317 -0.002093396 1.003223 -0.5015793 -1.35553 -0.8687579 -0.3171383 -0.1524294 -0.584176 -0.8481394 2.921554 0.4388017 -0.4298629 -2.187623
0 1.7621 -0.8229185 7.461186 -0.5015793 -0.4155573 -1.271048 -0.3171383 -0.1524294 -0.9560562 -0.8481394 2.078725 -1.143604 -0.4298629 -1.143869
0 0.8517403 -0.8229185 4.565987 -0.5015793 -0.9870605 -0.506697 -0.3171383 -0.1524294 -0.485008 -0.8481394 0.6107984 -0.2845838 -0.4298629 -0.2676015
0 2.476108 0.09447427 1.338286 -0.5015793 -1.19297 -1.046239 -0.3171383 -0.1524294 -0.678969 -0.8481394 2.314221 0.1196611 -0.4298629 -1.672886
0 -0.09233687 -0.8229185 2.329484 1.219395 -0.2369625 -0.8464085 -0.3171383 -0.0831145 -0.9560562 -0.8481394 0.03993807 -1.143604 -0.4298629 0.1628459
0 0.4269056 5.935208 1.073366 0.531005 -1.36211 1.022005 -0.155321 -0.1524294 0.2215644 2.319553 0.4551092 0.2880964 -0.4298629 -0.9132726
0 1.253611 0.1254673 0.7727915 0.3356512 -1.41955 0.1750214 -0.2384164 -0.1439992 -0.1603666 1.07816 1.267218 0.7137371 -0.4298629 -1.262284
0 1.276575 4.115713 0.5984916 0.1868102 -1.431563 0.5124375 -0.2092601 -0.1454979 -0.1709758 1.263656 1.337348 0.7653299 -0.4298629 -1.451332
0 -0.4758682 -0.8229185 0.3955213 1.434516 -1.330855 -0.07674961 -0.2564568 -0.1524294 0.1479632 2.121573 -0.3817201 -0.8751602 -0.4298629 0.1964746
0 1.054043 3.540158 1.093061 0.2359809 -1.397829 0.09386443 -0.2015545 -0.1524294 -0.5354774 0.8488389 1.077866 1.31074 -0.4298629 -1.105437
0 1.117262 2.994773 1.013049 0.4664685 -1.382946 -0.07674961 -0.1654346 -0.1524294 -0.5880498 1.131669 1.077866 1.003947 -0.4298629 -1.081416
0 1.476497 2.999551 0.7705997 0.1058232 -1.4381 0.07780664 -0.2600263 -0.1524294 -0.7251502 1.015209 1.398402 1.214491 -0.4298629 -1.388031
0 1.485266 2.597186 0.7371645 0.3136188 -1.421328 -0.06417805 -0.2319713 -0.1524294 -0.7494561 0.8190673 1.446603 1.116976 -0.4298629 -1.338056
0 1.395134 -0.2788833 0.9205367 0.2188284 -1.428979 -0.2933898 -0.3171383 -0.1524294 -0.7917371 0.8093743 1.349417 1.253662 -0.4298629 -1.251124
0 1.471291 -0.3355536 0.8981601 0.4664685 -1.408991 -0.3952291 -0.276684 -0.1524294 -0.7597861 0.6367166 1.467089 1.182909 -0.4298629 -1.215931
0 0.7999312 -0.252345 1.173123 0.2539702 -1.395651 0.313582 -0.3171383 -0.1448217 -0.7837215 0.8902286 0.7930686 0.5325331 -0.4298629 -0.9132726
0 0.8969355 -0.3251841 1.081188 0.4870653 -1.380729 0.1112888 -0.2758232 -0.1457929 -0.7556102 0.6683093 0.9288018 0.5013284 -0.4298629 -0.9476168
0 0.9414941 2.6916 0.8397043 0.1528755 -1.36387 0.7743982 -0.1803913 -0.143643 -0.6243321 1.159553 0.9791897 0.42925 2.220081 -1.254296
0 0.5482869 3.632989 1.010997 0.2359809 -1.040639 0.09386443 -0.2015545 -0.1524294 -0.3952845 0.8488389 0.5218331 0.4926251 -0.4298629 -0.6826758
0 1.155194 2.86713 0.8632831 0.05159087 -1.152261 0.09386443 -0.2304505 -0.1524294 -0.5354774 0.4245943 1.161271 0.6971537 -0.4298629 -1.143869
0 0.9528914 -0.1730986 0.8796958 0.2359809 -1.040639 -0.2701122 -0.3171383 -0.1524294 -0.7317475 0.2831794 0.9666594 0.4926251 -0.4298629 -0.836407
0 1.483251 5.025461 0.6423771 0.1263436 -1.436444 0.1750214 -0.2187359 -0.1482143 -0.7173494 0.7571103 1.456569 0.829821 -0.4298629 -1.414976
0 1.488992 4.586832 0.6367879 0.2728589 -1.440245 0.06656618 -0.2261161 -0.1485304 -0.7352524 0.9336878 1.48655 0.7891916 -0.4298629 -1.397526
0 0.9102038 3.29062 0.5488821 0.3510133 -1.292146 -0.008817047 -0.250333 -0.1495678 -0.6859598 0.8955447 0.9278901 0.3537708 -0.4298629 -0.8836546
0 0.9440957 3.076001 0.5438778 0.4412151 -1.302319 -0.07467257 -0.2538185 -0.1497171 -0.6488509 0.8045699 0.9357149 0.3503443 -0.4298629 -0.8992362
0 0.9933519 2.166253 1.096343 0.01471286 -1.403782 0.2576539 -0.155321 -0.1420322 -0.3672459 1.52763 0.9221767 0.8607766 -0.4298629 -1.128496
0 1.234788 4.418252 0.7599639 0.2601632 -1.405148 0.4205484 -0.1579738 -0.1268624 -0.5699511 1.099213 1.192719 0.8279179 0.5982574 -1.363125
0 -0.1800012 -0.3773277 0.351207 0.8260291 -0.9870605 -0.397504 -0.3171383 -0.1524294 -0.4513617 1.188235 -0.1898888 -0.6527353 -0.4298629 0.2397115
0 0.6883423 -0.07312634 0.4220341 0.3920033 -1.150543 -0.1686187 -0.3171383 -0.1524294 -0.616358 0.5224969 0.6287625 0.01276941 -0.4298629 -0.6338957
0 -1.272433 -0.8229185 -0.7342191 -0.5015793 0.7353869 -1.271048 -0.3171383 -0.1524294 -0.9560562 -0.8481394 -1.257472 -1.143604 -0.4298629 1.507994
0 1.276575 -0.8229185 0.6138102 1.563589 -1.487126 -1.016264 -0.3171383 -0.1316349 -0.9560562 -0.2146009 1.233555 -0.2845838 -0.4298629 -0.9132726
0 -1.272433 -0.8229185 -0.8108117 -0.5015793 1.72758 -1.271048 -0.3171383 -0.06331025 -0.9560562 -0.8481394 -1.257472 -1.143604 -0.4298629 1.623292
0 -1.272433 -0.8229185 -0.8108117 -0.5015793 1.72758 -1.271048 -0.3171383 0.0258089 -0.9560562 -0.8481394 -1.257472 -1.143604 -0.4298629 1.623292
0 0.775877 2.797507 0.789426 0.328176 -1.330855 0.3668469 -0.1437626 -0.1468594 -0.5354774 0.8488389 0.7442462 0.2369643 0.6900539 -0.9132726
0 -0.613207 -0.5540275 -0.43049 2.168897 -0.1076352 -0.6121247 -0.2836589 0.5466949 -0.5499801 0.7903224 -0.6132407 -0.5511763 -0.4298629 0.6452438
0 -0.5371425 -0.5230017 -0.5059143 2.477029 -0.6216281 -0.5360951 -0.2797958 0.6273631 -0.6842976 0.9793757 -0.5389063 -0.4828192 -0.4298629 0.4525701
0 -0.7413899 -0.5792361 -0.4446035 0.4664685 0.1537136 -0.3156093 -0.3171383 -0.006218294 0.1479632 0.3397454 -0.6736373 -0.6067164 -0.4298629 0.600019
0 -0.96898 -0.26593 -0.4661451 -0.5015793 0.1202271 -1.271048 -0.3171383 -0.1524294 -0.6195932 -0.8481394 -0.9238521 -1.143604 -0.4298629 0.9315019
0 -0.2811523 -0.04313465 -0.5350784 -0.5015793 0.01307021 -0.2519134 -0.1229576 -0.1524294 -0.1709758 -0.2146009 -0.1676475 0.001756325 -0.4298629 0.05523402
0 -0.3283562 0.043508 -0.5044414 -0.5015793 0.1797587 -0.4217691 -0.1013819 -0.1524294 0.0907177 -0.8481394 -0.2195439 -0.1891371 -0.4298629 0.3421989
0 -0.3620732 -0.1266829 -0.5769308 0.05159087 0.5220653 -0.4521005 -0.1437626 -0.1301496 -0.1148986 -0.8481394 -0.2566127 0.08356778 -0.4298629 0.2973607
0 -0.2728222 -0.1348739 -0.4864196 -0.0460274 0.1307326 -0.4842161 -0.1743583 -0.1524294 -0.09015868 -0.8481394 -0.2958621 0.1196611 -0.4298629 0.3210986
0 0.01494463 -0.2321732 -0.4348118 0.4371337 0.3312936 -0.3445619 -0.1700317 -0.1524294 -0.06391936 0.0157768 0.0163488 0.6785602 -0.4298629 0.1139314
0 2.031837 -0.8229185 -0.8108117 2.940368 -1.487126 0.4275097 -0.3171383 -0.1524294 -0.9560562 -0.8481394 1.856312 -0.1891371 -0.4298629 -1.810038
0 0.2543165 -0.2137124 -0.6061659 0.4664685 0.2513826 -0.494754 -0.2033605 -0.1524294 -0.03604008 -0.254197 0.2750936 0.7355028 1.529991 -0.1314053
0 0.1436824 -0.1348739 -0.4053216 0.4095245 0.08170663 -0.3718115 -0.1743583 -0.1524294 -0.1478852 -0.1027999 0.2078382 0.3723141 0.7998497 -0.02705739
0 0.9367073 -0.8229185 -0.3420652 1.976623 -0.8370409 -0.9653075 -0.239466 0.003529113 -0.8618466 0.29223 0.7976254 1.261653 -0.4298629 -0.4613028
0 0.4823188 -0.5686412 -0.2563481 0.5085575 -0.617447 -0.7725582 -0.2749251 -0.1524294 -0.8024535 0.7012756 0.4686474 0.5370878 -0.4298629 -0.2114562
0 0.03475044 -0.8229185 -0.01542729 0.09414242 -0.8620442 -0.6830856 -0.3171383 -0.1524294 -0.9560562 0.9793757 0.00001776743 -0.317623 -0.4298629 0.1421513
0 0.8517403 -0.3355536 -0.4230618 0.4664685 -0.3150977 -0.7933286 -0.2564568 -0.1524294 -0.8088537 1.52763 0.7859487 0.7355028 -0.4298629 -0.4088421
0 0.4269056 -0.3030626 -0.1904119 0.531005 -0.4036509 -0.7614806 -0.2524114 -0.1524294 -0.7990402 1.052476 0.29942 0.2880964 -0.4298629 -0.1599897
0 0.5862186 -0.5792361 -0.2938118 -0.5015793 -0.6276385 -0.7933286 -0.2564568 -0.1524294 -0.9560562 0.3397454 0.4940315 0.467059 -0.4298629 -0.4088421
0 -1.060016 -0.4330266 -0.5695451 -0.5015793 0.3881192 -1.271048 -0.3171383 4.682284 -0.2494838 -0.8481394 -1.023938 -1.143604 -0.4298629 1.185158
0 -1.272433 -0.8229185 -0.8108117 -0.5015793 1.013201 -1.271048 -0.3171383 16.48314 0.6141047 -0.8481394 -1.257472 -1.143604 -0.4298629 1.777023
0 -0.0272281 -0.150691 -0.5255704 -0.2345316 0.1725738 -0.5462324 -0.1497411 -0.1524294 -0.2454231 -0.02890853 -0.04953847 0.3374654 1.732735 0.0886308
0 -0.09233687 -0.1730986 -0.5235896 -0.2864576 0.2144854 -0.474849 -0.1485786 -0.1524294 -0.2200433 0.1417646 -0.08980291 0.2880964 1.31223 0.1404267
0 -0.1137932 -0.15833 -0.5209784 -0.3255706 0.2318488 -0.4893254 -0.1516434 -0.1524294 -0.153133 -0.03821797 -0.08980291 0.3206351 1.70816 0.1689602
0 -0.3068999 -0.1140241 -0.5131451 -0.1495619 0.3028808 -0.4024673 -0.1516434 -0.1524294 -0.01931251 0.0157768 -0.3021063 0.02778724 0.9954857 0.2606748
0 -0.2469702 -0.150691 -0.5136853 -0.2345316 0.3234556 -0.4144477 -0.1497411 -0.1524294 -0.04238502 -0.02890853 -0.2911251 0.04125151 1.732735 0.311276
0 -0.2793132 -0.1140241 -0.5153832 -0.3004265 0.3150577 -0.3776507 -0.1280012 -0.1524294 -0.03842973 0.0774851 -0.2869418 0.08356778 1.199107 0.2816382
0 -0.2835939 -0.150691 -0.5077428 -0.2345316 0.3234556 -0.3815016 -0.1497411 -0.1524294 -0.04238502 -0.02890853 -0.2911251 0.04125151 1.732735 0.2973607
0 0.3083471 -0.1882107 -0.6024087 0.2188284 0.2282146 -0.4711458 -0.2042425 -0.1524294 -0.1344604 -0.4061358 0.2632132 0.8541176 1.028633 -0.1249533
0 0.2269834 -0.1348739 -0.4053216 0.4095245 0.09396313 -0.3718115 -0.1743583 -0.1524294 -0.09015868 -0.009632506 0.1162563 0.3723141 -0.4298629 -0.01123212
0 0.0603815 -0.2113233 -0.540485 0.1058232 0.05719362 -0.5216843 -0.1743583 -0.1524294 -0.1478852 -0.6618046 0.1162563 0.5407495 0.7998497 0.09954478
0 -0.005382392 -0.1388976 -0.6052211 -0.5015793 0.2455567 -0.5335163 -0.1468043 -0.1469572 -0.1296558 -0.6814188 -0.02834666 0.3634491 1.770675 0.07788914
0 -0.07571579 -0.1090319 -0.6069244 -0.5015793 0.2736677 -0.5174625 -0.1462046 -0.1480362 -0.1267459 -0.7142933 -0.07335687 0.3082612 1.336766 0.1097978
0 -0.08684805 -0.1428744 -0.6024087 -0.5015793 0.3154353 -0.4711458 -0.1477946 -0.1451755 -0.1344604 -0.7376385 -0.06264782 0.3546872 1.757882 0.1753589
0 -0.2609221 -0.08026722 -0.5974467 -0.5015793 0.3881192 -0.3611063 -0.1437626 -0.1450028 -0.1148986 -0.6218757 -0.2566127 0.08356778 1.063359 0.2781443
0 -0.2862099 -0.1266829 -0.6015499 -0.5015793 0.3881192 -0.3838549 -0.1437626 -0.1468594 -0.009753903 -0.6784416 -0.2566127 0.08356778 1.809971 0.2685361
0 -0.2390516 -0.08528513 -0.5965595 -0.5015793 0.3881192 -0.3930773 -0.1203335 -0.1482143 -0.001228657 -0.7197195 -0.247596 0.133318 1.265146 0.2646408
0 -0.277325 -0.1204105 -0.5934544 -0.5015793 0.4050133 -0.4102924 -0.1422007 -0.1468093 -0.001228657 -0.6769128 -0.247596 0.09462339 1.830149 0.2937251
0 -0.01366377 -0.1730986 -0.5937994 -0.5015793 -0.005450733 -0.5633156 -0.1373413 -0.1524294 -0.1927836 -0.6721565 0.03993807 0.4471743 1.892927 0.1030615
0 -0.02291943 -0.1348739 -0.5877922 -0.5015793 0.02042411 -0.4842161 -0.1386634 -0.1524294 -0.1767484 -0.7083883 -0.02111651 0.3723141 1.414706 0.1074574
0 -0.04399557 -0.1182945 -0.5865708 -0.5015793 0.06428172 -0.4882789 -0.1416738 -0.1524294 -0.1047642 -0.7336445 -0.07573461 0.3053458 1.836957 0.1563632
0 -0.277325 -0.1204105 -0.581034 -0.5015793 0.1459705 -0.4102924 -0.1422007 -0.1524294 -0.001228657 -0.7625261 -0.247596 0.09462339 1.830149 0.279183
0 -0.2609221 -0.08026722 -0.581034 -0.5015793 0.1202271 -0.4521005 -0.1437626 -0.1524294 -0.1148986 -0.6218757 -0.2566127 0.08356778 1.063359 0.2397115
0 -0.2682785 -0.1140241 -0.5726784 -0.5015793 0.1494517 -0.3677241 -0.1406104 -0.1524294 0.007451594 -0.6753562 -0.2384153 0.10588 1.850695 0.2900235
0 -0.2390516 -0.08528513 -0.5779289 -0.5015793 0.1347077 -0.3930773 -0.1203335 -0.1524294 -0.001228657 -0.7197195 -0.247596 0.133318 1.265146 0.2646408
0 -0.2103465 -0.04313465 0.05085474 -0.5015793 0.01307021 1.786356 0.1683135 -0.09004599 2.576806 -0.8481394 -0.3233367 0.1449264 -0.4298629 -0.590437
0 -0.522725 -0.5935703 -0.2025766 0.4095245 0.3513497 0.7522339 -0.0315784 -0.09738521 1.122098 -0.8481394 -0.5706077 -0.385645 -0.4298629 -0.05870793
0 -1.272433 -0.8229185 -0.8108117 -0.5015793 1.013201 -0.7614806 -0.3171383 1.303183 -0.7990402 -0.8481394 -1.257472 -1.143604 -0.4298629 0.7009051
0 -1.272433 -0.8229185 -0.8108117 -0.5015793 1.078999 -0.667613 -0.3171383 1.325072 -0.7081361 -0.8481394 -1.257472 -1.143604 -0.4298629 0.7858618
0 -1.272433 -0.8229185 -0.7985022 -0.5015793 1.102498 -0.7250829 -0.3171383 1.295757 -0.7878247 -0.8481394 -1.257472 -1.143604 -0.4298629 0.8162035
0 -1.272433 -0.8229185 -0.7794784 -0.5015793 1.808759 -1.271048 -0.3171383 -0.1524294 -0.9560562 -0.8481394 -1.257472 -1.143604 -0.4298629 1.728109
0 -1.272433 -0.8229185 -0.7648562 -0.5015793 1.846643 -1.271048 -0.3171383 -0.1524294 -0.9560562 -0.8481394 -1.257472 -1.143604 -0.4298629 1.777023
0 -1.272433 -0.8229185 -0.7615736 -0.5015793 1.965706 -1.271048 -0.3171383 -0.1524294 -0.9560562 -0.8481394 -1.257472 -1.143604 -0.4298629 1.930755
0 -1.272433 -0.8229185 -0.7663386 -0.5015793 1.981069 -1.271048 -0.3171383 -0.1524294 -0.9560562 -0.8481394 -1.257472 -1.143604 -0.4298629 1.950591
0 -1.272433 -0.8229185 -0.6228118 -0.5015793 1.695108 -1.271048 -0.3171383 -0.1524294 -0.9560562 -0.8481394 -1.257472 -1.143604 -0.4298629 1.581366
0 -1.272433 -0.8229185 -0.6269895 -0.5015793 1.763299 -1.271048 -0.3171383 -0.1524294 -0.9560562 -0.8481394 -1.257472 -1.143604 -0.4298629 1.669412
0 -1.272433 -0.8229185 -0.6302721 -0.5015793 1.846643 -1.271048 -0.3171383 -0.1524294 -0.9560562 -0.8481394 -1.257472 -1.143604 -0.4298629 1.777023
0 -1.272433 -0.8229185 -0.6329193 -0.5015793 1.860086 -1.271048 -0.3171383 -0.1524294 -0.9560562 -0.8481394 -1.257472 -1.143604 -0.4298629 1.79438
0 -1.272433 -0.8229185 -0.8108117 -0.5015793 1.846643 -1.271048 -0.3171383 1.27719 -0.9560562 -0.8481394 -1.257472 -1.143604 -0.4298629 1.777023
0 -1.272433 -0.8229185 -0.78927 -0.5015793 1.950824 -1.271048 -0.3171383 1.309682 -0.9560562 -0.8481394 -1.257472 -1.143604 -0.4298629 1.911538
0 -1.272433 -0.8229185 -0.7820895 -0.5015793 1.846643 -1.271048 -0.3171383 1.212207 -0.9560562 -0.8481394 -1.257472 -1.143604 -0.4298629 1.777023
0 -1.272433 -0.8229185 -0.7911165 -0.5015793 1.870456 -1.271048 -0.3171383 1.273477 -0.9560562 -0.8481394 -1.257472 -1.143604 -0.4298629 1.80777
0 -1.272433 -0.8229185 -0.1707166 -0.5015793 1.37039 -1.271048 -0.3171383 -0.1524294 -0.9560562 -0.8481394 -1.257472 -1.143604 -0.4298629 2.084486
0 -1.272433 -0.8229185 -0.2248785 -0.5015793 1.138217 -1.271048 -0.3171383 -0.1524294 -0.9560562 -0.8481394 -1.257472 -1.143604 -0.4298629 1.830829
0 -1.272433 -0.8229185 -0.2133896 -0.5015793 1.096545 -1.271048 -0.3171383 -0.1524294 -0.9560562 -0.8481394 -1.257472 -1.143604 -0.4298629 1.669412
0 -1.272433 -0.8229185 -0.2154785 -0.5015793 1.126852 -1.271048 -0.3171383 -0.1524294 -0.9560562 -0.8481394 -1.257472 -1.143604 -0.4298629 1.728109
0 2.975914 3.076001 -0.2938118 -0.5015793 -1.487126 -1.271048 0.1683135 -0.1524294 0.2215644 -0.8481394 3.413204 5.299048 -0.4298629 -2.52745
0 -1.272433 -0.8229185 -0.8108117 -0.5015793 1.846643 -1.271048 -0.3171383 -0.1524294 -0.9560562 -0.8481394 -1.257472 -1.143604 -0.4298629 1.777023
0 0.3615464 0.376749 -0.3866067 -0.5015793 0.4362024 -0.9770668 -0.1677685 -0.1524294 -0.5937114 -0.8481394 0.5389418 1.169143 -0.4298629 0.08006752
0 0.5163445 0.4083192 -0.3935837 -0.5015793 0.2894221 -0.8687579 -0.1638377 -0.1524294 -0.584176 -0.8481394 0.4633034 1.116976 -0.4298629 -0.2336188
0 0.4583748 0.3323168 -0.402318 -0.5015793 0.4112704 -0.9879549 -0.1733007 -0.1524294 -0.6071316 -0.8481394 0.472408 1.083486 -0.4298629 -0.07629157
0 0.3615464 0.376749 -0.5987092 -0.5015793 0.5323689 -0.9770668 -0.09308361 -0.1524294 -0.5937114 -0.8481394 0.5389418 1.169143 -0.4298629 0.08006752
0 0.5163445 0.4083192 -0.5931276 -0.5015793 0.4210183 -0.8687579 -0.1127375 -0.1524294 -0.584176 -0.8481394 0.4633034 1.116976 -0.4298629 -0.06370538
0 0.4583748 0.3323168 -0.5937994 -0.5015793 0.5038751 -0.9879549 -0.1373413 -0.1524294 -0.6071316 -0.8481394 0.472408 1.083486 -0.4298629 0.04327715
0 0.2448336 0.2910584 -0.6138594 -0.5015793 0.4774166 -0.9980654 -0.1784378 -0.1524294 -0.6195932 -0.8481394 0.4106266 1.003947 -0.4298629 0.009114659
0 0.4269056 0.3467573 -0.6040118 -0.5015793 0.3881192 -0.8888724 -0.1715027 -0.1524294 -0.60277 -0.8481394 0.3772646 1.003947 -0.4298629 -0.1061837
0 0.3965602 0.2910584 -0.6015499 -0.5015793 0.5220653 -0.9980654 -0.1784378 -0.1524294 -0.6195932 -0.8481394 0.4106266 1.003947 -0.4298629 0.06676386
0 0.5163445 0.4083192 -0.5931276 -0.5015793 0.3552202 -0.8687579 -0.1638377 -0.1524294 -0.584176 -0.8481394 0.4633034 1.116976 -0.4298629 -0.06370538
0 0.4583748 0.3323168 -0.6065648 -0.5015793 0.5038751 -0.9879549 -0.1733007 -0.1524294 -0.6071316 -0.8481394 0.472408 1.083486 -0.4298629 0.04327715
0 2.267856 1.776361 -0.006589686 -0.5015793 -1.278765 -0.6340888 0.006496248 -0.1524294 -0.1709758 -0.8481394 2.634758 3.867348 -0.4298629 -0.3752133
0 2.503875 1.776361 -0.04488597 -0.5015793 -1.209312 -0.4217691 0.006496248 -0.1524294 -0.1709758 -0.8481394 2.375276 3.628731 -0.4298629 -0.5545664
0 2.621885 1.776361 -0.006589686 -0.5015793 -1.278765 -0.6340888 0.006496248 -0.1524294 -0.1709758 -0.8481394 2.634758 3.867348 -0.4298629 -0.3752133
0 -1.272433 -0.5230017 0.09062396 0.6898641 0.5323689 1.374782 0.05628618 -0.1284358 2.214461 0.6138727 -1.257472 -1.143604 -0.4298629 0.4525701
0 -1.272433 -0.8229185 -0.7418784 -0.5015793 1.700791 -1.07996 -0.2685931 1.485135 -0.8382942 -0.8481394 -1.257472 -1.143604 -0.4298629 1.346576
0 -1.272433 -0.8229185 -0.7418784 -0.5015793 1.763299 -1.118178 -0.239466 1.469539 -0.8618466 -0.8481394 -1.257472 -1.143604 -0.4298629 1.411143
0 -1.208064 -0.8229185 -0.7377006 -0.5015793 1.695108 -1.039426 -0.2582956 1.359895 -0.8133143 -0.5601674 -1.186704 -1.01345 -0.4298629 1.385708
0 -1.272433 -0.8229185 -0.7794784 -0.5015793 1.581457 -1.271048 -0.3171383 -0.1524294 -0.9560562 -0.8481394 -1.257472 -1.143604 -0.4298629 1.434622
0 -1.272433 -0.8229185 -0.7738831 -0.5015793 1.593634 -1.134557 -0.3171383 -0.1524294 -0.9560562 -0.8481394 -1.257472 -1.143604 -0.4298629 1.450345
0 -1.272433 -0.8229185 -0.7725154 -0.5015793 1.638283 -1.058728 -0.3171383 -0.1524294 -0.9560562 -0.8481394 -1.257472 -1.143604 -0.4298629 1.507994
0 -1.272433 -0.8229185 -0.7648562 -0.5015793 1.513266 -1.016264 -0.3171383 -0.1524294 -0.9560562 -0.8481394 -1.257472 -1.143604 -0.4298629 1.346576
0 -1.272433 -0.1730986 0.1657436 -0.5015793 0.3881192 2.550707 0.3301308 -0.1524294 3.950697 -0.8481394 -1.257472 -1.143604 -0.4298629 -0.1061837
0 -1.272433 -0.3355536 0.1370214 -0.5015793 0.3881192 2.550707 0.2896765 -0.1524294 3.460021 0.3397454 -1.257472 -1.143604 -0.4298629 -0.1061837
0 -1.272433 -0.3897053 0.1848917 -0.5015793 0.3186657 2.550707 0.2222526 -0.1524294 3.62358 0.2077582 -1.257472 -1.143604 -0.4298629 -0.1958603
0 -1.272433 -0.3897053 0.07000289 -0.5015793 0.3186657 2.550707 0.2222526 -0.1524294 2.969346 -0.8481394 -1.257472 -1.143604 -0.4298629 -0.1958603
0 -1.272433 -0.4684713 0.06652141 -0.5015793 0.2176424 2.203274 0.1241815 -0.1524294 3.326201 0.0157768 -1.257472 -1.143604 -0.4298629 -0.3262989
0 -1.272433 -0.4980086 0.1082992 -0.5015793 0.3881192 2.550707 0.2896765 -0.1524294 3.460021 -0.05621622 -1.257472 -1.143604 -0.4298629 -0.1061837
0 -1.272433 -0.5629906 -0.2593452 -0.5015793 1.179889 0.002870275 -0.1229576 -0.1524294 0.6141047 -0.8481394 -1.257472 -1.143604 -0.4298629 1.023741
0 -1.272433 -0.6177122 -0.2666013 -0.5015793 1.210595 -0.06417805 -0.1127375 -0.1524294 0.5934447 -0.3479774 -1.257472 -1.143604 -0.4298629 0.9557752
0 -1.272433 -0.6534003 -0.2713336 -0.5015793 1.176266 -0.1079052 -0.1482855 -0.1524294 0.3239662 -0.4349621 -1.257472 -1.143604 -0.4298629 0.91145
0 -1.272433 -0.5935703 -0.2025766 -0.5015793 1.160279 0.3026157 -0.08869038 -0.1524294 0.7757389 -0.8481394 -1.257472 -1.143604 -0.4298629 0.8908083
0 -1.272433 -0.6456949 -0.2468118 -0.5015793 1.070027 0.2923971 -0.09647838 -0.1524294 0.6497902 -0.4161813 -1.257472 -1.143604 -0.4298629 0.7742768
0 -1.272433 -0.6729601 -0.2275298 -0.5015793 1.061284 0.1988577 -0.1304261 -0.1524294 0.6292024 -0.4826364 -1.257472 -1.143604 -0.4298629 0.7629888
0 -1.272433 -0.5629906 -0.4891229 -0.5015793 1.346578 0.002870275 -0.05823066 -0.1524294 0.6141047 -0.8481394 -1.257472 -1.143604 -0.4298629 1.131352
0 -1.272433 -0.6177122 -0.4842855 -0.5015793 1.342191 -0.06417805 -0.06163734 -0.1524294 0.5934447 -0.3479774 -1.257472 -1.143604 -0.4298629 1.125689
0 -1.272433 -0.6534003 -0.5111016 -0.5015793 1.284976 -0.1079052 -0.1060723 -0.1524294 0.3239662 -0.4349621 -1.257472 -1.143604 -0.4298629 1.051813
0 -1.272433 -0.6063119 -0.446997 -0.5015793 1.082654 0.21519 -0.04744284 -0.1524294 0.6795281 -0.8481394 -1.257472 -1.143604 -0.4298629 0.7905816
0 -1.272433 -0.6456949 -0.4504785 -0.5015793 1.126852 0.2923971 0.01385158 -0.1524294 0.6497902 -0.4161813 -1.257472 -1.143604 -0.4298629 0.8476485
0 -1.272433 -0.6729601 -0.4528887 -0.5015793 1.157451 0.1988577 -0.03706994 -0.1524294 0.6292024 -0.4826364 -1.257472 -1.143604 -0.4298629 0.8871563
0 -1.272433 -0.5629906 -0.4891229 -0.5015793 1.346578 0.002870275 -0.1229576 -0.1524294 0.6141047 -0.8481394 -1.257472 -1.143604 -0.4298629 1.131352
0 -1.272433 -0.6177122 -0.4842855 -0.5015793 1.276393 -0.06417805 -0.1127375 -0.1524294 0.5934447 -0.3479774 -1.257472 -1.143604 -0.4298629 1.040732
0 -1.272433 -0.6534003 -0.5111016 -0.5015793 1.284976 -0.1079052 -0.1482855 -0.1524294 0.3239662 -0.4349621 -1.257472 -1.143604 -0.4298629 1.051813
0 -1.272433 -0.6063119 -0.446997 -0.5015793 1.082654 0.21519 -0.1013819 -0.1524294 0.6795281 -0.8481394 -1.257472 -1.143604 -0.4298629 0.7905816
0 -1.272433 -0.6456949 -0.4504785 -0.5015793 1.126852 0.2923971 -0.09647838 -0.1524294 0.6497902 -0.4161813 -1.257472 -1.143604 -0.4298629 0.8476485
0 -1.272433 -0.6729601 -0.4528887 -0.5015793 1.157451 0.1988577 -0.1304261 -0.1524294 0.6292024 -0.4826364 -1.257472 -1.143604 -0.4298629 0.8871563
0 -1.272433 -0.04313465 0.5678546 -0.5015793 0.5131356 2.550707 0.2654039 -0.1524294 3.754427 1.052476 -1.257472 -1.143604 -0.4298629 2.315083
0 -1.272433 -0.26593 0.4693784 -0.5015793 0.2988218 2.550707 0.2376638 -0.1524294 3.249732 0.5094432 -1.257472 -1.143604 -0.4298629 1.853889
0 -1.272433 -0.3355536 0.481688 -0.5015793 0.2318488 2.550707 0.1683135 -0.1524294 2.724008 0.3397454 -1.257472 -1.143604 -0.4298629 1.911538
0 -1.272433 -0.3355536 0.3093547 -0.5015793 0.2318488 2.072987 0.1683135 -0.1524294 2.724008 0.3397454 -1.257472 -1.143604 -0.4298629 1.104449
0 -1.272433 -0.3897053 0.4146695 -0.5015793 0.3186657 2.550707 0.2222526 -0.1524294 3.62358 0.2077582 -1.257472 -1.143604 -0.4298629 1.418317
0 -1.272433 -0.4684713 0.3798547 -0.5015793 0.2176424 2.550707 0.3448414 -0.1524294 3.326201 0.0157768 -1.257472 -1.143604 -0.4298629 1.434622
0 -0.387361 -0.6604636 -0.4374229 -0.5015793 0.2839389 -0.1563695 -0.155321 -0.1524294 0.270632 -0.05621622 -0.3817201 -0.0698287 -0.4298629 0.2301033
0 -0.3620732 -0.5444243 -0.416907 -0.5015793 0.3881192 -0.179118 -0.1437626 -0.1524294 0.0953908 -0.1693481 -0.4234226 -0.0698287 -0.4298629 0.3550099
0 -0.5000066 -0.5866204 -0.4139229 -0.5015793 0.4070611 -0.1129405 -0.1700317 -0.1524294 0.114508 0.0157768 -0.5497937 -0.2325219 -0.4298629 0.3095893
0 -0.4227639 -0.511005 -0.4247851 -0.5015793 0.363116 -0.04808645 -0.1229576 -0.1524294 0.4570886 -0.08789315 -0.4167502 -0.1127797 -0.4298629 0.2489353
0 -0.4501726 -0.5713753 -0.3883172 -0.5015793 0.4082832 0.08505854 -0.08224225 -0.1524294 0.5634543 -0.2350376 -0.504137 -0.1737424 -0.4298629 0.3364134
0 -0.6188415 -0.6229739 -0.3689315 -0.5015793 0.404147 0.2968514 -0.06818865 -0.1524294 0.8556679 -0.3608021 -0.6586672 -0.3726884 -0.4298629 0.2870134
0 -1.272433 -0.04313465 0.1542547 -0.5015793 0.2631029 2.550707 0.2654039 -0.1524294 2.576806 -0.8481394 -1.257472 -1.143604 -0.4298629 -0.2676015
0 -1.272433 -0.1730986 0.223188 -0.5015793 0.3881192 2.550707 0.3301308 -0.1524294 2.969346 0.735707 -1.257472 -1.143604 -0.4298629 -0.1061837
0 -1.272433 -0.26593 0.223188 -0.5015793 0.4774166 2.550707 0.2376638 -0.1524294 3.249732 0.5094432 -1.257472 -1.143604 -0.4298629 0.009114659
0 -1.272433 -0.8229185 -0.2938118 -0.5015793 1.191796 -0.4521005 -0.1784378 -0.1524294 -0.1148986 -0.8481394 -1.257472 -1.143604 -0.4298629 0.9315019
0 -1.272433 -0.5629906 -0.2593452 -0.5015793 1.179889 0.002870275 -0.1229576 -0.1524294 0.2215644 -0.2146009 -1.257472 -1.143604 -0.4298629 0.9161288
0 -1.272433 -0.6177122 -0.2666013 -0.5015793 1.144797 -0.06417805 -0.1638377 -0.1524294 0.2835445 -0.3479774 -1.257472 -1.143604 -0.4298629 0.8708185
0 -1.272433 -0.8229185 -0.5646213 -0.5015793 1.37039 -0.4521005 -0.1090875 -0.1524294 -0.1148986 -0.8481394 -1.257472 -1.143604 -0.4298629 1.162099
0 -1.272433 -0.5629906 -0.4891229 -0.5015793 1.263234 0.002870275 -0.05823066 -0.1524294 0.2215644 -0.2146009 -1.257472 -1.143604 -0.4298629 1.023741
0 -1.272433 -0.6177122 -0.5205662 -0.5015793 1.276393 -0.06417805 -0.06163734 -0.1524294 0.2835445 -0.3479774 -1.257472 -1.143604 -0.4298629 1.040732
0 -1.272433 -0.8229185 -0.5646213 -0.5015793 1.281093 -0.4521005 -0.1784378 -0.1524294 -0.1148986 -0.8481394 -1.257472 -1.143604 -0.4298629 1.0468
0 -1.272433 -0.5629906 -0.4891229 -0.5015793 1.263234 0.002870275 -0.1229576 -0.1524294 0.2215644 -0.2146009 -1.257472 -1.143604 -0.4298629 1.023741
0 -1.272433 -0.6177122 -0.5024258 -0.5015793 1.210595 -0.06417805 -0.1638377 -0.1524294 0.2835445 -0.3479774 -1.257472 -1.143604 -0.4298629 0.9557752
0 -1.272433 -0.8229185 0.6540213 -0.5015793 0.07557838 2.550707 0.1683135 -0.1524294 3.460021 1.52763 -1.257472 -1.143604 -0.4298629 2.718627
0 -1.272433 -0.04313465 0.5678546 -0.5015793 0.01307021 2.550707 0.2654039 -0.1524294 2.576806 1.052476 -1.257472 -1.143604 -0.4298629 1.992247
0 -1.272433 -0.1730986 0.6827435 -0.5015793 0.1797587 2.550707 0.1683135 -0.1524294 2.969346 0.735707 -1.257472 -1.143604 -0.4298629 2.584112
0 -0.01366377 -0.5341097 -0.4533797 -0.5015793 0.1334563 -0.2802226 -0.1373413 -0.1524294 0.1343333 -0.1442077 -0.04655592 0.2880964 -0.4298629 0.04327715
0 -0.2728222 -0.5935703 -0.4458706 -0.5015793 0.2778107 -0.3718115 -0.1743583 -0.1524294 -0.09015868 -0.009632506 -0.2958621 0.1196611 -0.4298629 0.2261469
0 0.02054192 -0.4838821 -0.4661451 -0.5015793 0.08916711 -0.2740684 -0.1482855 -0.1524294 0.06796175 -0.02178478 -0.0390347 0.5370878 -0.4298629 -0.07109293
0 -0.4227639 -0.5629906 -0.282323 -0.5015793 0.3881192 0.1302621 -0.07441239 -0.1420322 0.2215644 -0.5313702 -0.3233367 0.001756325 -0.4298629 0.1090399
0 -0.2103465 -0.4980086 -0.2650896 -0.5015793 0.2839389 0.16211 -0.1148667 -0.1394328 0.270632 -0.4521778 -0.08980291 0.2880964 -0.4298629 -0.03892634
0 0.002070849 -0.4330266 -0.3282785 -0.5015793 0.1380865 -0.1245215 -0.1229576 -0.1368335 -0.07284073 -0.3729855 -0.08980291 0.5744365 -0.4298629 -0.1868926
0 -0.6655266 -0.5444243 -0.1707166 -0.5015793 0.566714 0.3668469 -0.05707482 -0.1301496 0.5159696 -0.5087438 -0.6736373 -0.3766217 -0.4298629 0.2973607
0 -0.5643755 -0.6604636 -0.2363674 -0.5015793 0.4922995 0.16211 -0.1148667 -0.1394328 0.270632 -0.4521778 -0.5763316 -0.2487913 -0.4298629 0.2301033
0 -0.4227639 -0.6279726 -0.2248785 -0.5015793 0.4506274 0.2576539 -0.07441239 -0.1368335 0.2215644 -0.3729855 -0.4401036 -0.0698287 -0.4298629 0.2166518
0 1.205769 0.4767213 -0.3225341 -0.5015793 -0.5495033 0.6398293 -0.155321 -0.1524294 1.49732 -0.8481394 1.077866 1.719797 -0.4298629 -1.316817
0 1.155194 0.5695527 -0.2938118 -0.5015793 -0.5048546 0.9128118 -0.1784378 -0.1524294 1.146838 -0.1693481 1.077866 1.617533 -0.4298629 -1.259168
0 1.08776 0.4767213 -0.31296 -0.5015793 -0.5842301 0.6398293 -0.155321 -0.1524294 1.333762 -0.3201906 1.077866 1.719797 -0.4298629 -1.361655
0 0.9933519 0.4767213 -0.3282785 -0.5015793 -0.5703394 0.7672212 -0.1229576 -0.1524294 1.399185 -0.8481394 0.9221767 1.433457 -0.4298629 -1.34372
0 1.08776 0.4767213 -0.31296 -0.5015793 -0.5842301 0.852149 -0.155321 -0.1524294 1.333762 -0.3201906 1.077866 1.719797 -0.4298629 -1.361655
0 0.9528914 0.4767213 -0.3184309 -0.5015793 -0.5346204 0.7308235 -0.1322043 -0.1524294 1.287031 -0.3956119 0.9666594 1.719797 -0.4298629 -1.297601
0 -0.2103465 -0.2380806 -0.3799785 -0.5015793 0.5131356 -0.3156093 -0.2200479 -0.1524294 0.2215644 -0.8481394 -0.2065698 0.1449264 -0.4298629 0.05523402
0 -0.2103465 -0.1730986 -0.3799785 -0.5015793 0.5964798 -0.3156093 -0.2362297 -0.1524294 0.02529433 -0.4521778 -0.2844144 0.1091339 -0.4298629 0.2301033
0 -0.1004755 -0.150691 -0.3591796 -0.5015793 0.6252192 -0.2167708 -0.2501794 -0.1524294 0.05913401 -0.5204471 -0.1300674 0.1893585 -0.4298629 0.1999534
0 0.02054192 -0.1448456 -0.3912176 -0.5015793 0.4152967 -0.1079052 -0.2327119 -0.1524294 0.3239662 -0.8481394 -0.0390347 0.3503443 -0.4298629 -0.07109293
0 -0.05861983 -0.1266829 -0.392288 -0.5015793 0.4327679 -0.179118 -0.247788 -0.1524294 0.3056802 -0.5087438 -0.08980291 0.2369643 -0.4298629 -0.04853454
0 -0.1137932 -0.1140241 -0.3721452 -0.5015793 0.4449448 -0.2287512 -0.2288743 -0.1524294 0.2929354 -0.5601674 -0.1251868 0.1579418 -0.4298629 0.01610244
0 -0.2103465 -0.2380806 -0.5695451 -0.5015793 0.6381519 -0.3156093 -0.1715027 -0.1524294 0.2215644 -0.8481394 -0.2065698 0.1449264 -0.4298629 0.2166518
0 -0.2103465 -0.1730986 -0.5666729 -0.5015793 0.7006601 -0.3156093 -0.1957753 -0.1524294 0.02529433 -0.4521778 -0.2844144 0.1091339 -0.4298629 0.2973607
0 -0.1004755 -0.150691 -0.5612256 -0.5015793 0.7114374 -0.3485554 -0.1832206 -0.1524294 0.05913401 -0.5204471 -0.1300674 0.1893585 -0.4298629 0.311276
0 0.02054192 -0.1448456 -0.5410726 -0.5015793 0.4696516 -0.1079052 -0.1904987 -0.1524294 0.3239662 -0.8481394 -0.0390347 0.3503443 -0.4298629 -0.000911289
0 -0.05861983 -0.1266829 -0.5400023 -0.5015793 0.5220653 -0.179118 -0.1784378 -0.1524294 0.3056802 -0.5087438 -0.08980291 0.2369643 -0.4298629 0.06676386
0 -0.1137932 -0.1140241 -0.5392562 -0.5015793 0.5207123 -0.2287512 -0.1700317 -0.1524294 0.114508 -0.5601674 -0.1251868 0.1579418 -0.4298629 0.06501691
0 -0.2103465 -0.2380806 -0.5695451 -0.5015793 0.6381519 -0.3156093 -0.2200479 -0.1524294 0.2215644 -0.8481394 -0.2065698 0.1449264 -0.4298629 0.2166518
0 -0.2103465 -0.1730986 -0.5666729 -0.5015793 0.7006601 -0.3156093 -0.2362297 -0.1524294 0.02529433 -0.4521778 -0.2844144 0.1091339 -0.4298629 0.2973607
0 -0.1004755 -0.150691 -0.5612256 -0.5015793 0.7114374 -0.3485554 -0.2501794 -0.1524294 0.05913401 -0.5204471 -0.1300674 0.1893585 -0.4298629 0.311276
0 0.02054192 -0.1448456 -0.5410726 -0.5015793 0.4696516 -0.1079052 -0.2327119 -0.1524294 0.3239662 -0.8481394 -0.0390347 0.3503443 -0.4298629 -0.000911289
0 -0.05861983 -0.1266829 -0.5400023 -0.5015793 0.4774166 -0.179118 -0.247788 -0.1524294 0.3056802 -0.5087438 -0.08980291 0.2369643 -0.4298629 0.009114659
0 -0.1137932 -0.1140241 -0.5392562 -0.5015793 0.5207123 -0.2287512 -0.2288743 -0.1524294 0.114508 -0.5601674 -0.1251868 0.1579418 -0.4298629 0.06501691
0 0.8517403 0.3467573 -0.08701189 -0.5015793 -0.6120115 0.6398293 -0.1229576 -0.1524294 1.399185 0.1021684 1.077866 1.433457 -0.4298629 -0.1061837
0 0.8517403 0.4767213 -0.06403412 -0.5015793 -0.5495033 0.6398293 -0.155321 -0.1524294 1.006645 -0.05621622 1.077866 1.361872 -0.4298629 -0.1061837
0 0.9933519 0.4767213 -0.075523 -0.5015793 -0.5703394 0.7672212 -0.1876845 -0.1524294 1.006645 -0.2146009 0.9221767 1.433457 -0.4298629 -0.1599897
0 1.015138 0.376749 -0.1479914 -0.5015793 -0.5254617 0.7868199 -0.1677685 -0.1524294 1.308599 -0.1171334 0.8982246 1.499535 -0.4298629 -0.4166025
0 0.8517403 0.3954938 -0.1645619 -0.5015793 -0.6276385 0.6398293 -0.1350939 -0.1524294 1.251983 -0.254197 0.7859487 1.540834 -0.4298629 -0.4088421
0 1.08776 0.4767213 -0.1214785 -0.5015793 -0.5842301 0.852149 -0.155321 -0.1524294 1.333762 -0.3201906 1.077866 1.719797 -0.4298629 -0.2855368
0 0.3965602 -0.26593 -0.5030737 -0.5015793 -0.01371901 -0.4521005 -0.247788 -0.1524294 -0.1148986 -0.1693481 0.4106266 0.6971537 -0.4298629 -0.2214821
0 0.2724202 -0.2321732 -0.4974785 -0.5015793 0.06610744 -0.4603727 -0.2288743 -0.1524294 -0.06391936 -0.2721953 0.29942 0.6785602 -0.4298629 -0.1795555
0 0.2144882 -0.2380806 -0.4833785 -0.5015793 0.04432429 -0.3156093 -0.2443205 -0.1524294 -0.07284073 -0.1354085 0.2604977 0.5744365 1.138021 -0.1868926
0 0.4269056 -0.1730986 -0.5006118 -0.5015793 -0.02860191 -0.2519134 -0.2200479 -0.1524294 0.02529433 -0.2146009 0.4551092 0.8607766 -0.4298629 -0.3214074
0 0.4045459 -0.2072997 -0.5024258 -0.5015793 -0.006669216 -0.265323 -0.2149379 -0.1524294 0.1285944 -0.3479774 0.3403909 0.8909177 1.220541 -0.2760972
0 0.3899634 -0.1448456 -0.4811306 -0.5015793 -0.01954275 -0.1909868 -0.2327119 -0.1524294 0.195964 -0.4349621 0.367111 0.7238314 0.9335141 -0.3167287
0 1.117262 0.6391762 -0.2507285 -0.5015793 -0.5495033 0.6398293 -0.1957753 -0.1524294 1.251983 -0.8481394 1.077866 1.540834 -0.4298629 -1.316817
0 1.276575 0.3467573 -0.2593452 -0.5015793 -0.4869952 1.022005 -0.1229576 -0.1524294 1.399185 0.1021684 1.077866 1.862967 -0.4298629 -1.236108
0 1.155194 0.5695527 -0.2938118 -0.5015793 -0.594152 0.6398293 -0.1784378 -0.1524294 1.146838 -0.1693481 1.077866 1.617533 -0.4298629 -1.374466
0 -0.4758682 -0.3355536 -0.3799785 -0.5015793 0.7787953 -0.5544689 -0.2564568 -0.1524294 -0.2200433 -0.8481394 -0.5276787 -0.3382726 -0.4298629 0.3982468
0 -0.2103465 -0.1730986 -0.3512563 -0.5015793 0.6659333 -0.4217691 -0.2631992 -0.1524294 0.02529433 -0.3201906 -0.2195439 0.04947968 -0.4298629 0.2525224
0 -0.1641688 -0.3143638 -0.3612466 -0.5015793 0.6870714 -0.2740684 -0.2327119 -0.1524294 0.06796175 -0.4349621 -0.2421075 0.1636007 -0.4298629 0.2798153
0 -0.4758682 -0.3355536 -0.6169368 -0.5015793 0.9350657 -0.5544689 -0.1957753 -0.1524294 -0.2200433 -0.8481394 -0.5276787 -0.3382726 -0.4298629 0.600019
0 -0.2103465 -0.1730986 -0.5618858 -0.5015793 0.8048404 -0.4217691 -0.155321 -0.1524294 0.02529433 -0.3201906 -0.2195439 0.04947968 -0.4298629 0.4318755
0 -0.1641688 -0.3143638 -0.5560581 -0.5015793 0.7414263 -0.2740684 -0.1904987 -0.1524294 0.06796175 -0.4349621 -0.2421075 0.1636007 -0.4298629 0.3499969
0 -0.4758682 -0.3355536 -0.6169368 -0.5015793 0.9350657 -0.5544689 -0.2564568 -0.1524294 -0.2200433 -0.8481394 -0.5276787 -0.3382726 -0.4298629 0.600019
0 -0.2662458 -0.2072997 -0.5568469 -0.5015793 0.6842106 -0.265323 -0.2660381 -0.1524294 -0.0263557 -0.3479774 -0.2741717 -0.01331421 -0.4298629 0.2761215
0 -0.1641688 -0.3143638 -0.5560581 -0.5015793 0.7414263 -0.2740684 -0.2327119 -0.1524294 0.06796175 -0.4349621 -0.2421075 0.1636007 -0.4298629 0.3499969
0 0.8517403 0.4767213 0.1082992 -0.5015793 -0.6536836 0.6398293 -0.155321 -0.1524294 1.006645 0.735707 1.077866 1.719797 -0.4298629 0.7009051
0 1.08776 0.4767213 -0.006589686 -0.5015793 -0.6536836 0.852149 -0.2092601 -0.1524294 1.006645 0.2077582 0.8183839 1.719797 -0.4298629 -0.01650721
0 1.044847 0.2404231 0.003854755 -0.5015793 -0.5779161 0.8135455 -0.1406104 -0.1524294 1.185072 0.0157768 0.8655625 1.589642 -0.4298629 0.2606748
0 0.5091317 -0.1940606 -0.4995 -0.5015793 -0.07565107 -0.5313535 -0.1918604 -0.1524294 -0.196301 -0.2350376 0.5505316 1.073223 -0.4298629 -0.3404999
0 0.3797017 -0.06479532 -0.3895526 -0.5015793 0.1103051 -0.2094494 -0.1822906 -0.1524294 0.1888528 -0.3201906 0.429161 0.7653299 1.31223 -0.4200516
0 0.4855035 -0.150691 -0.3829497 -0.5015793 0.1510193 -0.2167708 -0.1497411 -0.1524294 0.2621721 -0.5204471 0.353106 0.9298932 -0.4298629 -0.3566596
0 0.5968395 -0.04313465 -0.3972118 -0.5015793 0.06307674 -0.2009566 -0.1617937 -0.1524294 0.2215644 -0.4680163 0.4239714 0.9180447 -0.4298629 -0.3967357
0 0.5163445 -0.1046965 -0.4298644 -0.5015793 0.02622982 -0.265323 -0.1893878 -0.1524294 0.1285944 -0.5980584 0.4633034 0.8909177 1.220541 -0.488489
0 0.7101287 -0.04313465 -0.4431674 -0.5015793 -0.1119461 -0.2519134 -0.155321 -0.1524294 0.02529433 -0.5313702 0.6107984 1.147117 -0.4298629 -0.590437
0 0.8517403 -0.01064366 -0.4374229 -0.5015793 -0.1327822 -0.3156093 -0.155321 -0.1524294 0.02529433 -0.4521778 0.688643 1.361872 -0.4298629 -0.5769856
0 0.2526144 -0.3230571 -0.4926579 -0.5015793 0.05153677 -0.5850919 -0.2175584 -0.1524294 -0.2011712 -0.1171334 0.29942 0.8387505 1.178223 -0.1682675
0 0.6883423 -0.2230848 -0.4926579 -0.5015793 -0.1407961 -0.5360951 -0.205111 -0.1524294 -0.05019417 -0.1171334 0.7185832 1.169143 -0.4298629 -0.4166025
0 0.615721 0.1301507 -0.6040118 -0.5015793 0.09641443 -0.7614806 -0.155321 -0.1524294 -0.4326693 -0.6369599 0.6107984 1.33801 2.357486 -0.3393427
0 0.5813909 0.1695337 -0.6102784 -0.5015793 0.1267214 -0.7151563 -0.1847423 -0.1524294 -0.4207741 -0.6753562 0.6107984 1.199179 1.850695 -0.2969502
0 0.5393618 0.1518113 -0.6080667 -0.5015793 0.1307326 -0.7090252 -0.1743583 -0.1524294 -0.3499279 -0.7083883 0.5283747 1.130273 2.33699 -0.296087
0 0.615721 0.1301507 -0.611671 -0.1573845 0.06863303 -0.6765527 -0.155321 -0.1524294 -0.4326693 -0.4257804 0.6107984 1.33801 2.357486 -0.3034721
0 0.5482869 0.08218776 -0.6138594 -0.2249942 0.07557838 -0.7250829 -0.1871066 -0.1524294 -0.4303327 -0.5087438 0.4940315 1.157343 1.809971 -0.2791313
0 0.4768861 0.09447427 -0.6080667 -0.2738033 0.1123479 -0.7090252 -0.1743583 -0.1524294 -0.3499279 -0.5686371 0.4596883 1.130273 1.414706 -0.2486112
0 -1.090361 -0.7115208 -0.6827927 0.8260291 1.263234 -0.8342759 0.6537653 0.0258089 -0.6195932 -0.5766229 -1.0573 -0.8981697 -0.4298629 1.06986
0 -1.036414 -0.6785141 -0.6831574 0.6457366 1.291015 -0.8464085 0.7616435 0.04973904 -0.6071316 -0.4961736 -1.084484 -0.8254484 -0.4298629 1.119396
0 -1.079327 -0.6456949 -0.6854784 0.9064902 1.297329 -0.7498995 0.6758313 0.02479618 -0.5278305 -0.4161813 -1.045168 -0.7531403 -0.4298629 1.067764
0 -1.143696 -0.7047695 -0.6959228 1.375847 1.164736 -0.9236156 -0.287717 0.3674323 -0.5992015 0.591721 -1.115936 -1.01345 -0.4298629 1.238964
0 -1.109035 -0.6729601 -0.7047605 1.285586 1.109367 -0.9770668 -0.2797958 0.387427 -0.5937114 0.6138727 -1.167651 -1.143604 -0.4298629 1.197575
0 -1.171282 -0.6372557 -0.6959228 0.9735411 1.132264 -0.9070712 -0.2709048 0.3674323 -0.5074388 0.5094432 -1.146265 -1.143604 -0.4298629 1.238964
0 -1.139672 -0.7010773 -0.7138742 1.434516 1.208539 -0.9127584 -0.2564568 0.432415 -0.5880498 0.6367166 -1.111513 -1.009382 -0.4298629 1.255779
0 -1.109035 -0.6729601 -0.7180169 1.881308 1.157451 -0.8300762 -0.2797958 0.447411 -0.5031252 0.6138727 -1.167651 -1.143604 -0.4298629 1.197575
